
 t fps replay submit  idle zcull  draws batched passes
 - --- ------ ------  ---- -----  ----- ------- ------
 0  90     42    9.2 785.7     0  20826   15902   2728
 1  87  190.4   18.8 137.4   0.1 133613  120582   6872
 2  89  196.9   19.8 144.9   0.1 138204  119168   6816
 3  87  192.6   18.2 134.6   0.1 135753  121836   6837
 4  88  197.2   18.9 135.3   0.1 137217  119913   6793
 5  89    190   18.2 138.5   0.1 138223  125320   7015
 6  88  195.4   18.8 135.8   0.1 136939  120919   6886
 7  86  205.7   18.5 115.8   0.1 131213  110895   6943
 8  89  191.2   18.7 142.4   0.1 120277  105743   7095
 9  90  142.3   16.6 289.2   0.1 110180  104440   6842
10  91  136.5   17.8 335.2   0.1 104963   97581   6714
11  90  139.6   19.3   327   0.1 105745   94303   6744
12  91  125.3   18.9 406.2   0.1  98214   85420   6494
13  90  107.8   17.6 460.1   0.1  86006   75197   6070
14  91   92.6   14.7 539.4   0.1  65480   58062   4774
15  91     72   12.1 644.3   0.1  48858   42075   4011
16  91   51.7      9 733.3     0  33826   29623   3308
17  90   56.1    9.2 707.4     0  37097   32962   3312
18  90   62.1   10.4 676.3   0.1  41830   36650   3558
19  91   56.7    8.9   707     0  39346   35454   3252
20  91     53    8.6 724.6     0  36539   32717   3041
21  91   50.8    8.6 736.7     0  33204   29382   2954
22  90   46.9    8.3 755.8   0.1  29297   25526   2883
23  90   46.6    8.4 749.9   0.1  27952   24243   2881
24  91   47.4    8.9 747.1     0  27811   24011   2917
25  91   45.6    8.4 761.1   0.1  27247   23516   2916
26  91   45.7    8.3 762.9   0.1  28984   25290   2912
27  90   46.3    8.5 748.7     0  28842   25152   2884
28  91   46.1    8.5 758.1     0  28854   25165   2915
29  90   44.3    8.2 768.6     0  28516   24828   2923
30  91   41.3    8.3 786.5   0.1  23887   20056   2930
31  90   40.2    8.2 794.7     0  22390   18610   2880
32  90   41.2    8.3 791.7   0.1  22725   18945   2866
33  91     42    8.7 780.3     0  24101   20279   2866
34  90   45.6    8.3 763.9   0.1  29560   25780   2863
35  90   47.8    8.4 757.1     0  33076   29296   2881
36  91   48.1    8.5 755.5     0  30415   26599   2892
37  90   46.3    8.3   759   0.1  29172   25392   2758
38  90   46.8    8.5   752     0  29194   25414   2745



