
 t fps replay submit  idle zcull draws batched passes
 - --- ------ ------  ---- ----- ----- ------- ------
 0  80   97.8   11.4 575.4   0.1 31966       0      0
 1  51  179.1   10.5  15.8   0.1 75487       0      0
 2  51  191.9   10.5  15.4   0.1 75944       0      0
 3  51  219.1   11.1  16.1   0.1 76361       0      0
 4  51  217.8   10.2  16.3   0.1 76229       0      0
 5  51  197.7   11.5  16.2   0.1 76070       0      0
 6  50  177.9   10.8    16   0.1 74741       0      0
 7  51  180.9   10.6  16.7   0.1 73150       0      0
 8  62  177.1   10.9  15.5   0.1 73717       0      0
 9  64    174   11.2  14.8   0.1 73067       0      0
10  65  165.9     11  13.2   0.1 70997       0      0
11  66  181.8   12.7  13.6   0.2 71918       0      0
12  76  210.7   15.8  14.7   0.3 70898       0      0
13  90  212.4   20.6 321.9   0.5 71359       0      0
14  90  173.2   16.9 441.7   0.4 61182       0      0
15  91  113.5   11.4 623.5   0.1 42443       0      0
16  90  109.7   12.6 598.1   0.1 45459       0      0
17  91  114.4   12.5 588.7   0.1 48447       0      0
18  91   94.6   10.1 652.2   0.1 40212       0      0
19  90   76.9    7.9 703.7   0.1 32781       0      0
20  91   73.9    8.1   716   0.1 31250       0      0
21  91   72.9    8.4 712.7   0.1 30024       0      0
22  90   67.3      8 729.5   0.1 28967       0      0
23  91   67.6    8.3 731.3   0.1 28528       0      0
24  91     70    8.4 714.4   0.1 29085       0      0
25  91   65.5    8.1   736   0.1 27457       0      0
26  90   63.8    8.3 742.1   0.1 27445       0      0
27  91     60    7.8 758.8   0.1 26376       0      0
28  91   56.8    8.1 766.4   0.1 24124       0      0
29  90   55.9    8.2 759.8   0.1 23299       0      0
30  91   56.2    7.7 768.5   0.1 24007       0      0
31  91   64.3    8.6 738.8   0.1 26818       0      0
32  91   72.4    8.5 721.9   0.1 30631       0      0
33  91   76.5    8.3 712.8   0.1 32481       0      0
34  91   75.8    8.5 706.3   0.1 31543       0      0
35  91   77.5    8.4 711.3   0.1 32748       0      0
36  90   72.2    8.2 730.2   0.1 31055       0      0
37  91   59.2    8.2   763   0.1 25565       0      0



